0.7385284805696474
0.7556997319869886
0.7301388373631239
0.7606467133379461
0.731319956380806
0.7287280340650347
0.7398587809816437
0.7291040905898445
0.7278255757915718
0.7226783783035325
0.7356157243656772
0.7149540692044335
0.6936021095403376
0.7187684738790111
0.7574790023265189
0.7269942514223686
0.762420867007295
0.7416020887789742
0.7454710938821417
0.7394611380481905
0.699804815747508
0.7527574210737925
0.761809872973862
0.7319772211270213
0.721737917940179
0.7410337274230159
0.7206436967029886
0.716089206455548
0.7118930959497316
0.6928921349091316
0.6970538521487993
0.7199889609008103
0.7233008996166053
0.7263004802007687
0.6992118036741418
0.7439589525496135
0.7378872836155793
0.7527166616213717
0.7264031163303134
0.7180413562950543
0.7224047444294223
0.7314635871040774
0.7137036904642629
0.7229635244395375
0.7138113395697944
0.7218747157447242
0.7142902142520411
0.7294177398696361
0.7286254604567087
0.6988720961144489
0.7120646887278269
0.7207024297800805
0.7203636415995298
0.7173475732239553
0.7121498791378746
0.704766002813547
0.7650767458579973
0.7589953039547549
0.7390538094497927
0.748817485163236
0.7385720641457286
0.7281994432640704
0.7294169047046122
0.7081174456629129
0.7000350562530192
0.7130262215367332
0.7184831731109735
0.7440128608191001
0.7186278188381762
0.7507819000403461
0.7333713775814917
0.7550222166198449
0.7393233624362147
0.7278575419299642
0.7330859817173646
0.7408112101514185
0.7587069768997563
0.7599666591045043
0.763065334764613
0.7163237814429539
0.7316250122603515
0.7264612861411145
0.7536244429432722
0.7518010486883441
0.740479282390602
0.7407368025499254
0.7340228786923201
0.7455257468192061
0.7384171139805145
0.7518762778451374
0.7369394068579838
0.7380809486566351
0.7080823276461188
0.6702880455983274
0.7326530080005386
0.7452076885331893
0.7053567924667684
0.7254783113546338
0.7076179015744027
0.734042004020798
0.7317386494886833
0.7290934855808007
0.7368940518221444
0.7420784888217136
0.7366546774735622
0.7399513380740186
0.7511207441485244
0.6981197713243535
0.7106392898517063
0.7254460119519793
0.6795317219418858
0.6759066940295888
0.7419196600362201
0.6972761016350947
0.7050235232058979
0.682546985181569
0.6558843243633985
0.6614818266723961
0.6838918737945437
0.6905988525728525
0.7339727460453563
0.6952202375623392
0.7094901699427075
0.7119988361195931
0.7255689789271104
0.6919960177667437
0.7301397788606111
0.6836401746335706
0.6935459700216744
0.7221968323321093
0.7074994980954168
0.731224691264404
0.6790004987628103
0.686208763642458
0.7170265641280076
0.7154779847032161
0.6955912234293975
0.7332343934715858
0.7119022625998582
0.696794428243065
0.7096087105460284
0.7131278229250683
0.7119453622334045
0.6801614838735484
0.7228163180188606
0.7038771394325063
0.7133017385784243
0.6892247108614443
0.7036965709506671
0.7438991734906887
0.7155694759558021
0.6995257105507129
0.7148122289464887
0.6759841460716755
0.7297941555974302
0.6615757101494618
0.6987289560394864
0.6998439409066356
0.6824166065953244
0.7157071192396657
0.7103036563838442
0.6986762851035707
0.6972825701757737
0.685962817481992
0.688593071178806
0.6877649735869253
0.7014582319386582
0.7023262347004796
0.7173991135861689
0.6919704453326098
0.6961082846317245
0.7069861009224877
0.7040489958215815
0.6792708728248229
0.6795656181284818
0.7017086553904356
0.7010935806540788
0.6619243413972001
0.6457862983045611
0.7013731646009654
0.6899356266634618
0.6890201250560768
0.6881866356598989
